22
file 0
read 1
string 2
stack 3
9 4
python 5
dictionary 6
4 7
draconian 8
video 9
3 10
lyric 11
java 12
zip 13
header 14
incorrect 15
assumption 16
interactive 17
g 18
florence 19
official 20
machine 21
15 1 13 4 17 6 19 8 10 0 9 18 2 3 14 7 20 16 11 12 21 5
1 1 1 1 1 1 1 1 1 1 1 1 1 1 1 1 1 1 1 1 1 1
0.1388888888888889 0.1388888888888889 0.1388888888888889 0.1388888888888889 0.1388888888888889 0.1388888888888889 0.1388888888888889 0.5555555555555556 0.2777777777777778 0.41666666666666663 0.41666666666666663 0.1388888888888889 0.1388888888888889 0.1388888888888889 0.2777777777777778 0.6944444444444444 0.1388888888888889 0.1388888888888889 0.1388888888888889 0.2777777777777778 0.1388888888888889 0.1388888888888889
40
file 0
read 1
string 2
stack 3
9 4
python 5
dictionary 6
4 7
draconian 8
video 9
3 10
lyric 11
java 12
zip 13
header 14
incorrect 15
assumption 16
interactive 17
g 18
florence 19
official 20
machine 21
float 22
convert 23
int 24
5 25
record 26
pixar 27
pup 28
internship 29
story 30
formerly 31
say 32
follow 33
bow 34
latest 35
news 36
lee 37
end 38
shot 39

15 1 13 4 17 6 19 8 10 0 9 18 2 3 14 7 20 16 11 12 21 5 21 30 36 25 28 2 33 5 22 38 37 35 24 32 31 19 26 7 39 29 8 23 34 27 
1 1 1 1 1 1 1 1 1 1 1 1 1 1 1 1 1 1 1 1 1 1 2 2 2 2 2 2 2 2 2 2 2 2 2 2 2 2 2 2 2 2 2 2 2 2 
0.1388888888888889 0.1388888888888889 0.1388888888888889 0.1388888888888889 0.1388888888888889 0.1388888888888889 0.1388888888888889 0.5555555555555556 0.2777777777777778 0.41666666666666663 0.41666666666666663 0.1388888888888889 0.1388888888888889 0.1388888888888889 0.2777777777777778 0.6944444444444444 0.1388888888888889 0.1388888888888889 0.1388888888888889 0.2777777777777778 0.1388888888888889 0.1388888888888889 0.1388888888888889 0.1388888888888889 0.1388888888888889 0.2777777777777778 0.41666666666666663 0.41666666666666663 0.1388888888888889 0.1388888888888889 0.41666666666666663 0.1388888888888889 0.1388888888888889 0.1388888888888889 0.1388888888888889 0.1388888888888889 0.1388888888888889 0.1388888888888889 0.2777777777777778 0.1388888888888889 0.1388888888888889 0.2777777777777778 0.2777777777777778 0.1388888888888889 0.1388888888888889 0.41666666666666663 
43
file 0
read 1
string 2
stack 3
9 4
python 5
dictionary 6
4 7
draconian 8
video 9
3 10
lyric 11
java 12
zip 13
header 14
incorrect 15
assumption 16
interactive 17
g 18
florence 19
official 20
machine 21
n 22
x 23
cluster 24
py 25
import 26
module 27
user 28
rating 29
item 30
comment 31
reply 32
business 33
2015 34
contains 35
try 36
google 37
account 38
youtube 39
search 40
note 41
word 42

15 1 13 4 17 6 19 8 10 0 9 18 2 3 14 7 20 16 11 12 21 5 5 31 23 25 39 27 26 29 3 35 38 42 36 32 22 37 24 33 34 40 28 30 41 
1 1 1 1 1 1 1 1 1 1 1 1 1 1 1 1 1 1 1 1 1 1 <built-in function id> <built-in function id> <built-in function id> <built-in function id> <built-in function id> <built-in function id> <built-in function id> <built-in function id> <built-in function id> <built-in function id> <built-in function id> <built-in function id> <built-in function id> <built-in function id> <built-in function id> <built-in function id> <built-in function id> <built-in function id> <built-in function id> <built-in function id> <built-in function id> <built-in function id> <built-in function id> 
0.1388888888888889 0.1388888888888889 0.1388888888888889 0.1388888888888889 0.1388888888888889 0.1388888888888889 0.1388888888888889 0.5555555555555556 0.2777777777777778 0.41666666666666663 0.41666666666666663 0.1388888888888889 0.1388888888888889 0.1388888888888889 0.2777777777777778 0.6944444444444444 0.1388888888888889 0.1388888888888889 0.1388888888888889 0.2777777777777778 0.1388888888888889 0.1388888888888889 0.1388888888888889 0.1388888888888889 0.41666666666666663 0.2777777777777778 0.1388888888888889 0.1388888888888889 0.41666666666666663 0.1388888888888889 0.2777777777777778 0.1388888888888889 0.1388888888888889 0.1388888888888889 0.1388888888888889 0.1388888888888889 0.41666666666666663 0.2777777777777778 0.41666666666666663 0.1388888888888889 0.1388888888888889 0.2777777777777778 0.1388888888888889 0.1388888888888889 0.2777777777777778 
52
file 0
read 1
string 2
stack 3
9 4
python 5
dictionary 6
4 7
draconian 8
video 9
3 10
lyric 11
java 12
zip 13
header 14
incorrect 15
assumption 16
interactive 17
g 18
florence 19
official 20
machine 21
import 22
main 23
drive 24
check 25
determine 26
ramraj 27
app 28
cd 29
assignment 30
computer 31
joy 32
3d 33
responsible 34
qt 35
copyright 36
library 37
google 38
option 39
account 40
search 41
note 42
word 43
comment 44
article 45
page 46
matrix 47
time 48
user 49
reply 50
stumbleupon 51

15 1 13 4 17 6 19 8 10 0 9 18 2 3 14 7 20 16 11 12 21 5 25 5 42 32 43 46 36 26 40 35 45 51 28 39 30 44 29 50 23 37 38 22 34 47 41 48 49 24 27 31 33 
1 1 1 1 1 1 1 1 1 1 1 1 1 1 1 1 1 1 1 1 1 1 2 2 2 2 2 2 2 2 2 2 2 2 2 2 2 2 2 2 2 2 2 2 2 2 2 2 2 2 2 2 2 
0.1388888888888889 0.1388888888888889 0.1388888888888889 0.1388888888888889 0.1388888888888889 0.1388888888888889 0.1388888888888889 0.5555555555555556 0.2777777777777778 0.41666666666666663 0.41666666666666663 0.1388888888888889 0.1388888888888889 0.1388888888888889 0.2777777777777778 0.6944444444444444 0.1388888888888889 0.1388888888888889 0.1388888888888889 0.2777777777777778 0.1388888888888889 0.1388888888888889 0.1388888888888889 0.1388888888888889 0.2777777777777778 0.1388888888888889 0.1388888888888889 0.1388888888888889 0.1388888888888889 0.1388888888888889 0.1388888888888889 0.1388888888888889 0.1388888888888889 0.1388888888888889 0.1388888888888889 0.1388888888888889 0.2777777777777778 0.2777777777777778 0.1388888888888889 0.1388888888888889 0.1388888888888889 0.1388888888888889 0.2777777777777778 0.1388888888888889 0.1388888888888889 0.1388888888888889 0.2777777777777778 0.1388888888888889 0.1388888888888889 0.1388888888888889 0.1388888888888889 0.1388888888888889 0.1388888888888889 
